0	352.5	0.85726	0.87708	0.89637	0.91324	0.92272	0.92834
0	357.5	0.85573	0.87743	0.89752	0.91454	0.92399	0.92961
0	362.5	0.85259	0.87774	0.89888	0.91585	0.92507	0.93054
0	367.5	0.85774	0.88174	0.90162	0.91755	0.92628	0.93152
0	372.5	0.85811	0.88335	0.90306	0.91843	0.9268	0.93184
0	377.5	0.86117	0.88613	0.90509	0.91972	0.92769	0.9325
0	382.5	0.8672	0.89004	0.90742	0.92096	0.9284	0.93292
0	387.5	0.86834	0.89155	0.90855	0.92155	0.92866	0.93293
0	392.5	0.87115	0.89428	0.91063	0.92289	0.92952	0.93344
0	397.5	0.87054	0.89456	0.91127	0.92364	0.93025	0.93415
0	402.5	0.86742	0.89518	0.91314	0.92573	0.93228	0.93611
0	407.5	0.86855	0.8975	0.9156	0.92792	0.93426	0.93796
0	412.5	0.87015	0.89972	0.91776	0.92979	0.93593	0.93953
0	417.5	0.87334	0.90212	0.91964	0.93128	0.93724	0.94078
0	422.5	0.87807	0.90489	0.92148	0.93261	0.93836	0.94183
0	427.5	0.88086	0.90661	0.92267	0.93351	0.93916	0.94261
0	432.5	0.88371	0.90807	0.92355	0.93412	0.93971	0.94319
0	437.5	0.88926	0.91062	0.9248	0.93479	0.9402	0.94364
0	442.5	0.89561	0.91355	0.92619	0.93548	0.94067	0.94408
0	447.5	0.90177	0.91647	0.92751	0.93604	0.941	0.94438
0	452.5	0.90738	0.91925	0.92877	0.93653	0.94123	0.94458
0	457.5	0.90835	0.91972	0.92893	0.93655	0.94123	0.94465
0	462.5	0.91058	0.92083	0.92936	0.93661	0.9412	0.94466
0	467.5	0.91203	0.92154	0.92957	0.93655	0.94107	0.94459
0	472.5	0.91534	0.9233	0.93029	0.93667	0.94097	0.94448
0	477.5	0.9196	0.92568	0.93134	0.93688	0.94086	0.94432
0	482.5	0.92311	0.9277	0.93221	0.93698	0.94066	0.94406
0	487.5	0.92666	0.92985	0.93319	0.9371	0.94039	0.94371
0	492.5	0.93124	0.93288	0.93479	0.93751	0.94021	0.94333
0	497.5	0.93656	0.93675	0.93712	0.93834	0.94018	0.94295
0	502.5	0.94152	0.94065	0.9397	0.9394	0.94025	0.94252
0	507.5	0.94652	0.94488	0.9428	0.94094	0.94057	0.94214
0	512.5	0.95204	0.94975	0.94687	0.94348	0.94156	0.94198
0	517.5	0.95379	0.95127	0.94811	0.94404	0.94131	0.94113
0	522.5	0.95527	0.95258	0.94915	0.94446	0.94095	0.94016
0	527.5	0.9564	0.95361	0.94997	0.94476	0.9405	0.93909
0	532.5	0.9577	0.95484	0.95104	0.94531	0.94025	0.93809
0	537.5	0.95885	0.95598	0.95206	0.9459	0.94007	0.9371
0	542.5	0.96002	0.95718	0.9532	0.94667	0.94009	0.93625
0	547.5	0.96155	0.95881	0.95489	0.94813	0.9408	0.93586
0	552.5	0.96296	0.96038	0.9566	0.94976	0.94175	0.9356
0	557.5	0.96367	0.96115	0.95736	0.95047	0.94231	0.93597
0	562.5	0.96459	0.96221	0.95845	0.95149	0.94282	0.93531
0	567.5	0.96541	0.96315	0.95943	0.95247	0.94348	0.93514
0	572.5	0.96641	0.96435	0.96069	0.95373	0.94419	0.93433
0	577.5	0.96756	0.96576	0.96235	0.95577	0.94622	0.93528
0	582.5	0.96872	0.9672	0.96417	0.9583	0.94947	0.93876
0	587.5	0.9698	0.96859	0.96615	0.96094	0.95299	0.94254
0	592.5	0.97076	0.96978	0.96784	0.9634	0.95652	0.94688
0	597.5	0.9716	0.97084	0.96933	0.96569	0.95997	0.95148
0	602.5	0.97232	0.97173	0.97056	0.96775	0.96298	0.95568
0	607.5	0.9727	0.97215	0.97105	0.96842	0.96395	0.9571
0	612.5	0.973	0.97245	0.97138	0.96878	0.96454	0.95805
0	617.5	0.97329	0.97276	0.9717	0.96915	0.96506	0.9588
0	622.5	0.9736	0.97309	0.97207	0.96963	0.96574	0.95982
0	627.5	0.9739	0.9734	0.97242	0.97009	0.9664	0.96091
0	632.5	0.97418	0.9737	0.97275	0.9705	0.96694	0.96169
0	637.5	0.97445	0.97399	0.97306	0.97088	0.96745	0.96245
0	642.5	0.97472	0.97428	0.97341	0.97131	0.96802	0.96321
0	647.5	0.97498	0.97456	0.97372	0.9717	0.96853	0.96388
0	652.5	0.97526	0.97487	0.97408	0.97218	0.9692	0.9648
0	657.5	0.97554	0.97519	0.97447	0.97274	0.96999	0.96593
0	662.5	0.97581	0.97548	0.97482	0.97322	0.97065	0.96682
0	667.5	0.97603	0.97572	0.97508	0.97352	0.9711	0.96759
0	672.5	0.97625	0.97594	0.97532	0.97381	0.97147	0.96811
0	677.5	0.97646	0.97616	0.97556	0.97409	0.97182	0.9686
0	682.5	0.97667	0.97639	0.97581	0.97439	0.97199	0.96832
0	687.5	0.97688	0.97661	0.97606	0.97471	0.97227	0.96833
0	692.5	0.9771	0.97684	0.97633	0.97508	0.97267	0.96858
0	697.5	0.97731	0.97709	0.97662	0.97549	0.97331	0.96918
15	352.5	0.84631	0.86565	0.88449	0.90101	0.91031	0.91584
15	357.5	0.84479	0.86596	0.88558	0.90225	0.91152	0.91704
15	362.5	0.84169	0.86624	0.88689	0.90349	0.91254	0.91791
15	367.5	0.84671	0.87013	0.88955	0.90513	0.91369	0.91883
15	372.5	0.84705	0.87169	0.89093	0.90597	0.91417	0.9191
15	377.5	0.85003	0.87438	0.89289	0.9072	0.91501	0.91971
15	382.5	0.85591	0.87819	0.89516	0.90839	0.91567	0.92009
15	387.5	0.857	0.87965	0.89624	0.90894	0.91589	0.92005
15	392.5	0.85975	0.88231	0.89826	0.91023	0.9167	0.92052
15	397.5	0.85915	0.88257	0.89887	0.91094	0.9174	0.92118
15	402.5	0.85607	0.88316	0.90069	0.91298	0.91938	0.92311
15	407.5	0.85717	0.88542	0.90308	0.91512	0.92131	0.92491
15	412.5	0.85872	0.88758	0.90519	0.91694	0.92295	0.92645
15	417.5	0.86183	0.88992	0.90702	0.91839	0.92422	0.92766
15	422.5	0.86644	0.89262	0.90881	0.91968	0.9253	0.92868
15	427.5	0.86916	0.89429	0.90996	0.92054	0.92606	0.92943
15	432.5	0.87194	0.8957	0.9108	0.92112	0.92659	0.92998
15	437.5	0.87736	0.89818	0.91201	0.92176	0.92704	0.9304
15	442.5	0.88356	0.90104	0.91336	0.92242	0.92749	0.93082
15	447.5	0.88959	0.90389	0.91464	0.92295	0.92778	0.93108
15	452.5	0.89507	0.9066	0.91585	0.92341	0.92799	0.93125
15	457.5	0.89602	0.90706	0.916	0.9234	0.92797	0.9313
15	462.5	0.8982	0.90814	0.9164	0.92345	0.92792	0.93129
15	467.5	0.89961	0.90882	0.91659	0.92336	0.92776	0.93119
15	472.5	0.90284	0.91053	0.91728	0.92346	0.92764	0.93106
15	477.5	0.90701	0.91285	0.9183	0.92365	0.92751	0.93088
15	482.5	0.91044	0.91483	0.91914	0.92373	0.92728	0.9306
15	487.5	0.91392	0.91694	0.92009	0.92383	0.927	0.93022
15	492.5	0.9184	0.9199	0.92166	0.92422	0.9268	0.92982
15	497.5	0.92362	0.9237	0.92394	0.92502	0.92675	0.92942
15	502.5	0.92848	0.92753	0.92647	0.92605	0.9268	0.92897
15	507.5	0.93338	0.93169	0.92954	0.92757	0.9271	0.92857
15	512.5	0.93881	0.93648	0.93355	0.93008	0.92807	0.9284
15	517.5	0.94051	0.93797	0.93476	0.93062	0.9278	0.92753
15	522.5	0.94196	0.93925	0.93578	0.93102	0.92743	0.92654
15	527.5	0.94307	0.94026	0.93658	0.9313	0.92696	0.92545
15	532.5	0.94433	0.94147	0.93763	0.93184	0.9267	0.92444
15	537.5	0.94545	0.94258	0.93863	0.93241	0.92651	0.92344
15	542.5	0.9466	0.94375	0.93974	0.93316	0.92651	0.92258
15	547.5	0.9481	0.94535	0.94141	0.9346	0.9272	0.92218
15	552.5	0.94948	0.9469	0.94309	0.93621	0.92814	0.9219
15	557.5	0.95017	0.94765	0.94384	0.93691	0.92868	0.92225
15	562.5	0.95107	0.94869	0.94491	0.93791	0.92918	0.92158
15	567.5	0.95187	0.94961	0.94588	0.93888	0.92983	0.9214
15	572.5	0.95285	0.95079	0.94711	0.94012	0.93052	0.92059
15	577.5	0.95397	0.95217	0.94875	0.94214	0.93253	0.92152
15	582.5	0.95511	0.9536	0.95056	0.94466	0.93577	0.92498
15	587.5	0.95618	0.95496	0.95251	0.94728	0.93927	0.92874
15	592.5	0.95711	0.95613	0.95419	0.94973	0.9428	0.93307
15	597.5	0.95794	0.95718	0.95566	0.95201	0.94624	0.93767
15	602.5	0.95864	0.95805	0.95688	0.95406	0.94925	0.94188
15	607.5	0.95901	0.95845	0.95736	0.95471	0.95022	0.94329
15	612.5	0.95929	0.95875	0.95767	0.95506	0.95079	0.94423
15	617.5	0.95958	0.95905	0.95799	0.95542	0.9513	0.94498
15	622.5	0.95988	0.95937	0.95835	0.9559	0.95197	0.94599
15	627.5	0.96017	0.95967	0.95869	0.95635	0.95263	0.94708
15	632.5	0.96044	0.95996	0.95901	0.95675	0.95316	0.94785
15	637.5	0.9607	0.96024	0.95931	0.95712	0.95366	0.9486
15	642.5	0.96097	0.96053	0.95965	0.95755	0.95423	0.94936
15	647.5	0.96122	0.9608	0.95996	0.95793	0.95473	0.95002
15	652.5	0.96149	0.9611	0.96031	0.9584	0.95539	0.95094
15	657.5	0.96176	0.96141	0.96069	0.95895	0.95619	0.95207
15	662.5	0.96202	0.9617	0.96104	0.95943	0.95683	0.95296
15	667.5	0.96224	0.96192	0.96128	0.95972	0.95728	0.95372
15	672.5	0.96245	0.96214	0.96152	0.96	0.95764	0.95424
15	677.5	0.96265	0.96235	0.96175	0.96028	0.95799	0.95473
15	682.5	0.96286	0.96257	0.96199	0.96057	0.95815	0.95444
15	687.5	0.96306	0.96278	0.96223	0.96088	0.95843	0.95444
15	692.5	0.96327	0.96301	0.9625	0.96125	0.95882	0.95468
15	697.5	0.96348	0.96325	0.96279	0.96165	0.95946	0.95528
30	352.5	0.8059	0.82345	0.84063	0.85583	0.86445	0.86961
30	357.5	0.80413	0.82334	0.84123	0.85654	0.86514	0.87028
30	362.5	0.80094	0.82321	0.84203	0.85727	0.86564	0.87063
30	367.5	0.80523	0.82645	0.84412	0.85841	0.8663	0.87106
30	372.5	0.80524	0.82756	0.84505	0.8588	0.86635	0.87089
30	377.5	0.80767	0.82971	0.84651	0.85958	0.86674	0.87104
30	382.5	0.8128	0.83294	0.84831	0.86035	0.86701	0.87101
30	387.5	0.81353	0.83398	0.84898	0.86051	0.86683	0.87057
30	392.5	0.8158	0.83617	0.85057	0.86142	0.86728	0.87067
30	397.5	0.81505	0.83617	0.85087	0.86178	0.86761	0.87097
30	402.5	0.81203	0.83648	0.85231	0.86345	0.86924	0.87256
30	407.5	0.81282	0.83832	0.85429	0.86521	0.87082	0.87404
30	412.5	0.81403	0.84008	0.85601	0.86667	0.87212	0.87526
30	417.5	0.81668	0.84203	0.85748	0.8678	0.87309	0.87618
30	422.5	0.82071	0.8443	0.85892	0.86877	0.87388	0.87692
30	427.5	0.82302	0.84564	0.85977	0.86936	0.87437	0.8774
30	432.5	0.82538	0.84673	0.86033	0.86967	0.87462	0.87767
30	437.5	0.83016	0.84883	0.86125	0.87005	0.87483	0.87786
30	442.5	0.83568	0.85128	0.86231	0.87045	0.87504	0.87802
30	447.5	0.84105	0.85375	0.86331	0.87075	0.8751	0.87806
30	452.5	0.84593	0.8561	0.86427	0.87099	0.8751	0.87802
30	457.5	0.84666	0.85635	0.86422	0.87078	0.87487	0.87785
30	462.5	0.84853	0.8572	0.86442	0.87064	0.87462	0.87764
30	467.5	0.84969	0.85768	0.86443	0.87037	0.87428	0.87734
30	472.5	0.85253	0.85912	0.86491	0.87028	0.87397	0.87702
30	477.5	0.85623	0.86113	0.8657	0.87029	0.87367	0.87665
30	482.5	0.85927	0.86282	0.86634	0.8702	0.87327	0.8762
30	487.5	0.86235	0.86466	0.86709	0.87012	0.87282	0.87566
30	492.5	0.86636	0.86729	0.86842	0.87034	0.87246	0.87509
30	497.5	0.87106	0.87071	0.87045	0.87096	0.87226	0.87453
30	502.5	0.87545	0.87419	0.87273	0.87182	0.87215	0.87393
30	507.5	0.87988	0.87798	0.87552	0.87314	0.8723	0.87338
30	512.5	0.88482	0.88238	0.87925	0.87545	0.87311	0.87307
30	517.5	0.88631	0.88368	0.88029	0.87585	0.87272	0.87207
30	522.5	0.88754	0.88477	0.88114	0.87611	0.87221	0.87095
30	527.5	0.88848	0.88562	0.88179	0.87625	0.87162	0.86974
30	532.5	0.88956	0.88665	0.88268	0.87665	0.87124	0.86862
30	537.5	0.89051	0.8876	0.88353	0.87709	0.87093	0.86751
30	542.5	0.89148	0.88861	0.88449	0.87771	0.87081	0.86654
30	547.5	0.89279	0.89003	0.886	0.879	0.87138	0.86603
30	552.5	0.894	0.89141	0.88752	0.88046	0.87219	0.86565
30	557.5	0.89456	0.89203	0.88814	0.88104	0.87262	0.8659
30	562.5	0.89532	0.89293	0.88908	0.88193	0.873	0.86513
30	567.5	0.89598	0.89371	0.88992	0.88277	0.87354	0.86486
30	572.5	0.89682	0.89475	0.89103	0.8839	0.87412	0.86396
30	577.5	0.8978	0.89599	0.89253	0.88579	0.87601	0.86478
30	582.5	0.89879	0.89727	0.89421	0.88819	0.87912	0.86809
30	587.5	0.89972	0.8985	0.89603	0.8907	0.88252	0.87172
30	592.5	0.90052	0.89954	0.89758	0.89305	0.88594	0.87594
30	597.5	0.90123	0.90047	0.89894	0.89522	0.88931	0.88045
30	602.5	0.90183	0.90124	0.90005	0.89718	0.89224	0.8846
30	607.5	0.90211	0.90155	0.90044	0.89775	0.89313	0.88594
30	612.5	0.90232	0.90177	0.90068	0.89803	0.89363	0.88681
30	617.5	0.90252	0.90199	0.90092	0.89831	0.89407	0.88749
30	622.5	0.90275	0.90223	0.9012	0.89871	0.89467	0.88843
30	627.5	0.90295	0.90246	0.90147	0.89908	0.89525	0.88946
30	632.5	0.90315	0.90268	0.90171	0.89941	0.89572	0.89017
30	637.5	0.90334	0.90288	0.90195	0.89971	0.89615	0.89086
30	642.5	0.90354	0.9031	0.90221	0.90007	0.89665	0.89155
30	647.5	0.90372	0.9033	0.90245	0.90038	0.89709	0.89216
30	652.5	0.90392	0.90353	0.90273	0.90079	0.89769	0.89302
30	657.5	0.90413	0.90377	0.90305	0.90128	0.89843	0.89412
30	662.5	0.90432	0.904	0.90333	0.90169	0.89902	0.89496
30	667.5	0.90448	0.90416	0.90351	0.90192	0.8994	0.89567
30	672.5	0.90463	0.90432	0.90369	0.90215	0.89971	0.89613
30	677.5	0.90477	0.90447	0.90386	0.90236	0.9	0.89657
30	682.5	0.90492	0.90463	0.90404	0.9026	0.90011	0.89621
30	687.5	0.90506	0.90479	0.90423	0.90286	0.90033	0.89615
30	692.5	0.90521	0.90496	0.90444	0.90316	0.90067	0.89634
30	697.5	0.90537	0.90514	0.90467	0.90351	0.90126	0.89689
45	352.5	0.76162	0.77719	0.79254	0.80625	0.81412	0.81887
45	357.5	0.75976	0.7768	0.79276	0.80658	0.81442	0.81915
45	362.5	0.75661	0.77639	0.79318	0.80692	0.81454	0.81911
45	367.5	0.76025	0.77908	0.79482	0.80767	0.81485	0.81919
45	372.5	0.76004	0.77984	0.79541	0.80775	0.81458	0.81869
45	377.5	0.76202	0.78155	0.79648	0.80819	0.81464	0.81851
45	382.5	0.76646	0.78428	0.7979	0.80865	0.81463	0.8182
45	387.5	0.76692	0.785	0.79827	0.80854	0.81417	0.81746
45	392.5	0.7688	0.7868	0.79953	0.80916	0.81436	0.81731
45	397.5	0.76801	0.78664	0.79961	0.80928	0.81444	0.81734
45	402.5	0.76514	0.78676	0.80076	0.81066	0.8158	0.8187
45	407.5	0.76569	0.78826	0.8024	0.81211	0.81711	0.81993
45	412.5	0.76664	0.78969	0.8038	0.8133	0.81816	0.82092
45	417.5	0.7689	0.79131	0.80499	0.81418	0.81891	0.82163
45	422.5	0.7724	0.79323	0.80616	0.81492	0.81948	0.82216
45	427.5	0.77435	0.7943	0.80678	0.8153	0.81978	0.82245
45	432.5	0.77634	0.79514	0.80713	0.81542	0.81984	0.82253
45	437.5	0.78053	0.79691	0.80783	0.81561	0.81987	0.82255
45	442.5	0.78538	0.79901	0.80865	0.81583	0.8199	0.82254
45	447.5	0.79013	0.80113	0.80944	0.81596	0.81981	0.82241
45	452.5	0.79445	0.80317	0.81019	0.81604	0.81965	0.82222
45	457.5	0.795	0.80327	0.81001	0.8157	0.81928	0.82191
45	462.5	0.79661	0.80394	0.81007	0.81542	0.8189	0.82155
45	467.5	0.79758	0.80427	0.80995	0.81504	0.81843	0.82113
45	472.5	0.80006	0.80548	0.81027	0.81481	0.818	0.82067
45	477.5	0.80332	0.80722	0.81089	0.81469	0.81757	0.82018
45	482.5	0.80599	0.80868	0.81137	0.81448	0.81706	0.81961
45	487.5	0.80872	0.81028	0.81197	0.81429	0.81651	0.81895
45	492.5	0.81228	0.81261	0.81311	0.81438	0.81604	0.81827
45	497.5	0.81649	0.81569	0.81491	0.81486	0.81573	0.81761
45	502.5	0.82042	0.81882	0.81696	0.81558	0.81551	0.81691
45	507.5	0.8244	0.82227	0.81951	0.81675	0.81555	0.81626
45	512.5	0.82886	0.82631	0.82297	0.81888	0.81625	0.81586
45	517.5	0.83016	0.82745	0.82388	0.81918	0.81577	0.81478
45	522.5	0.83122	0.82838	0.82459	0.81933	0.81518	0.81359
45	527.5	0.83201	0.8291	0.82513	0.81937	0.81452	0.81231
45	532.5	0.83293	0.82999	0.82589	0.81967	0.81406	0.81112
45	537.5	0.83375	0.83081	0.82663	0.82001	0.81367	0.80997
45	542.5	0.83458	0.83168	0.82747	0.82052	0.81347	0.80894
45	547.5	0.83572	0.83295	0.82884	0.8217	0.81394	0.80836
45	552.5	0.83678	0.83418	0.83023	0.82304	0.81465	0.80792
45	557.5	0.83724	0.8347	0.83075	0.82354	0.81499	0.80808
45	562.5	0.83788	0.83549	0.83159	0.82432	0.81529	0.80727
45	567.5	0.83844	0.83617	0.83233	0.82508	0.81574	0.80693
45	572.5	0.83917	0.83709	0.83333	0.8261	0.81624	0.80599
45	577.5	0.84002	0.8382	0.83472	0.82789	0.81802	0.80673
45	582.5	0.84089	0.83936	0.83628	0.83018	0.82101	0.80988
45	587.5	0.8417	0.84047	0.83799	0.83259	0.8243	0.81337
45	592.5	0.8424	0.84142	0.83944	0.83485	0.82763	0.81746
45	597.5	0.84302	0.84225	0.8407	0.83694	0.83092	0.82187
45	602.5	0.84352	0.84293	0.84174	0.83882	0.83379	0.82595
45	607.5	0.84374	0.84318	0.84207	0.83934	0.83462	0.82723
45	612.5	0.84389	0.84334	0.84224	0.83955	0.83506	0.82805
45	617.5	0.84404	0.84351	0.84242	0.83978	0.83544	0.82867
45	622.5	0.84421	0.84369	0.84265	0.84012	0.83599	0.82956
45	627.5	0.84436	0.84387	0.84286	0.84044	0.83652	0.83055
45	632.5	0.84451	0.84403	0.84306	0.84072	0.83694	0.83121
45	637.5	0.84465	0.84418	0.84324	0.84097	0.83732	0.83185
45	642.5	0.84479	0.84435	0.84345	0.84128	0.83778	0.83251
45	647.5	0.84493	0.8445	0.84364	0.84155	0.83817	0.83307
45	652.5	0.84508	0.84468	0.84388	0.84191	0.83873	0.8339
45	657.5	0.84524	0.84488	0.84415	0.84235	0.83943	0.83496
45	662.5	0.84538	0.84505	0.84438	0.84272	0.83997	0.83576
45	667.5	0.84549	0.84517	0.84452	0.84291	0.84032	0.83644
45	672.5	0.8456	0.84529	0.84465	0.84309	0.84059	0.83687
45	677.5	0.8457	0.8454	0.84479	0.84326	0.84084	0.83727
45	682.5	0.84581	0.84552	0.84493	0.84346	0.8409	0.83686
45	687.5	0.84591	0.84563	0.84507	0.84368	0.84109	0.83676
45	692.5	0.84602	0.84577	0.84524	0.84394	0.84139	0.83691
45	697.5	0.84614	0.84591	0.84543	0.84426	0.84195	0.83743
60	352.5	0.70692	0.72004	0.7331	0.74497	0.7519	0.75614
60	357.5	0.70421	0.71854	0.73207	0.744	0.75088	0.75509
60	362.5	0.7004	0.71701	0.73122	0.74304	0.74969	0.75373
60	367.5	0.70252	0.71826	0.73151	0.74251	0.74874	0.75255
60	372.5	0.70137	0.71789	0.73095	0.74145	0.74734	0.75089
60	377.5	0.70209	0.71833	0.73079	0.74069	0.74622	0.74953
60	382.5	0.70503	0.71977	0.73107	0.7401	0.74517	0.74818
60	387.5	0.70452	0.71942	0.73037	0.73894	0.74366	0.74638
60	392.5	0.70533	0.72013	0.73059	0.73858	0.74289	0.74527
60	397.5	0.70386	0.71913	0.72976	0.73773	0.74199	0.7443
60	402.5	0.70071	0.71847	0.72998	0.73818	0.74244	0.74477
60	407.5	0.70047	0.719	0.73062	0.73868	0.74283	0.74512
60	412.5	0.70059	0.71949	0.73109	0.73897	0.74302	0.74526
60	417.5	0.70188	0.7202	0.73142	0.73903	0.74297	0.74519
60	422.5	0.70421	0.72118	0.73174	0.73898	0.74277	0.74496
60	427.5	0.70528	0.72147	0.73163	0.73865	0.74236	0.74456
60	432.5	0.70637	0.72154	0.73126	0.73805	0.74171	0.74393
60	437.5	0.70935	0.72248	0.73126	0.73761	0.74112	0.74332
60	442.5	0.71292	0.72371	0.73138	0.73718	0.74052	0.74268
60	447.5	0.71643	0.725	0.7315	0.73671	0.73984	0.74196
60	452.5	0.71961	0.72624	0.73163	0.73623	0.73914	0.74122
60	457.5	0.7196	0.72583	0.73094	0.73537	0.73824	0.74037
60	462.5	0.72053	0.72594	0.7305	0.73461	0.73737	0.73951
60	467.5	0.72093	0.72576	0.7299	0.73376	0.73643	0.7386
60	472.5	0.7226	0.72635	0.72971	0.73306	0.73553	0.73768
60	477.5	0.72496	0.72743	0.72981	0.73249	0.73466	0.73674
60	482.5	0.72683	0.72828	0.7298	0.73185	0.73374	0.73574
60	487.5	0.72878	0.72927	0.72991	0.73124	0.73279	0.73468
60	492.5	0.73143	0.73091	0.73053	0.73091	0.73193	0.73362
60	497.5	0.73467	0.73324	0.73176	0.73096	0.73124	0.73259
60	502.5	0.73768	0.73564	0.73324	0.73124	0.73065	0.73153
60	507.5	0.74076	0.73834	0.7352	0.73196	0.73033	0.73055
60	512.5	0.74428	0.7416	0.73802	0.7336	0.73064	0.72981
60	517.5	0.74509	0.74228	0.73852	0.73354	0.72984	0.72844
60	522.5	0.74569	0.74279	0.73884	0.73334	0.72895	0.72698
60	527.5	0.74607	0.74312	0.73901	0.73306	0.72801	0.72545
60	532.5	0.74658	0.74362	0.73941	0.73303	0.72727	0.72402
60	537.5	0.74701	0.74406	0.73979	0.73304	0.7266	0.72264
60	542.5	0.74746	0.74456	0.74027	0.73323	0.72612	0.72138
60	547.5	0.74818	0.74543	0.74125	0.73405	0.72628	0.72057
60	552.5	0.74884	0.74626	0.74227	0.73504	0.72667	0.71989
60	557.5	0.74899	0.74648	0.74249	0.73524	0.72673	0.71979
60	562.5	0.74931	0.74694	0.74301	0.73572	0.72675	0.71878
60	567.5	0.74956	0.74731	0.74345	0.73618	0.72693	0.71822
60	572.5	0.74996	0.7479	0.74414	0.73691	0.72716	0.71711
60	577.5	0.75048	0.74869	0.74521	0.73837	0.7286	0.71756
60	582.5	0.75103	0.74952	0.74645	0.74034	0.73122	0.72027
60	587.5	0.75153	0.75031	0.74784	0.74244	0.73415	0.72334
60	592.5	0.75193	0.75096	0.74899	0.74439	0.73715	0.727
60	597.5	0.75228	0.75152	0.74998	0.74621	0.74014	0.73104
60	602.5	0.75253	0.75194	0.75075	0.74783	0.74275	0.7348
60	607.5	0.75253	0.75198	0.75087	0.74813	0.74337	0.73586
60	612.5	0.75248	0.75194	0.75084	0.74814	0.74361	0.73647
60	617.5	0.75243	0.7519	0.75082	0.74817	0.74379	0.73689
60	622.5	0.7524	0.75189	0.75086	0.74832	0.74414	0.73758
60	627.5	0.75237	0.75188	0.75088	0.74845	0.74448	0.73837
60	632.5	0.75233	0.75185	0.75089	0.74854	0.74471	0.73885
60	637.5	0.75229	0.75183	0.75089	0.74861	0.74492	0.73931
60	642.5	0.75226	0.75182	0.75092	0.74874	0.7452	0.73979
60	647.5	0.75222	0.7518	0.75094	0.74884	0.74542	0.74019
60	652.5	0.7522	0.75181	0.75101	0.74903	0.74581	0.74085
60	657.5	0.75219	0.75183	0.7511	0.7493	0.74634	0.74174
60	662.5	0.75217	0.75184	0.75117	0.74951	0.74672	0.74239
60	667.5	0.75212	0.75181	0.75116	0.74954	0.74691	0.74292
60	672.5	0.75208	0.75177	0.75114	0.74956	0.74703	0.7432
60	677.5	0.75203	0.75173	0.75112	0.74959	0.74713	0.74345
60	682.5	0.75199	0.7517	0.75111	0.74964	0.74705	0.74289
60	687.5	0.75195	0.75167	0.75111	0.74971	0.74709	0.74265
60	692.5	0.75191	0.75166	0.75114	0.74984	0.74725	0.74266
60	697.5	0.75189	0.75166	0.75119	0.75001	0.74767	0.74305
75	352.5	0.68835	0.70059	0.71283	0.72404	0.73064	0.7347
75	357.5	0.68554	0.69889	0.71157	0.72282	0.72937	0.7334
75	362.5	0.6816	0.6971	0.71039	0.72153	0.72785	0.7317
75	367.5	0.68322	0.69787	0.71025	0.72059	0.72649	0.73011
75	372.5	0.68171	0.69706	0.70923	0.71908	0.72463	0.72799
75	377.5	0.68186	0.69692	0.70851	0.71776	0.72296	0.72607
75	382.5	0.68411	0.69774	0.7082	0.71661	0.72135	0.72415
75	387.5	0.68301	0.69675	0.70686	0.7148	0.71919	0.72169
75	392.5	0.68315	0.69677	0.7064	0.71378	0.71776	0.71992
75	397.5	0.6809	0.69499	0.70479	0.71217	0.7161	0.71819
75	402.5	0.67727	0.69367	0.7043	0.71189	0.71584	0.71796
75	407.5	0.67635	0.69344	0.70416	0.71162	0.71546	0.71755
75	412.5	0.67576	0.69316	0.70384	0.71112	0.71487	0.71692
75	417.5	0.67626	0.69308	0.70339	0.71041	0.71405	0.71608
75	422.5	0.67774	0.69326	0.70292	0.70958	0.71307	0.71507
75	427.5	0.67804	0.69279	0.70206	0.70848	0.7119	0.7139
75	432.5	0.67831	0.69208	0.70089	0.7071	0.71045	0.71247
75	437.5	0.68043	0.69225	0.70017	0.70593	0.70914	0.71113
75	442.5	0.68303	0.69266	0.69951	0.70474	0.70777	0.70973
75	447.5	0.6856	0.69315	0.6989	0.70355	0.70637	0.70829
75	452.5	0.68788	0.69363	0.69832	0.70237	0.70498	0.70684
75	457.5	0.6872	0.69254	0.69695	0.70084	0.70339	0.7053
75	462.5	0.6874	0.69197	0.69584	0.69941	0.70185	0.70376
75	467.5	0.68713	0.69114	0.69461	0.69791	0.70026	0.70219
75	472.5	0.68805	0.69105	0.69377	0.69659	0.69873	0.70063
75	477.5	0.68961	0.69143	0.69323	0.6954	0.69725	0.69907
75	482.5	0.69075	0.69162	0.69261	0.69417	0.69574	0.69749
75	487.5	0.69196	0.69196	0.69211	0.69299	0.69421	0.69584
75	492.5	0.69384	0.69292	0.69211	0.69208	0.69281	0.69423
75	497.5	0.69627	0.69454	0.69273	0.69158	0.69159	0.69267
75	502.5	0.69851	0.69624	0.69358	0.69129	0.69047	0.69109
75	507.5	0.70082	0.69824	0.69492	0.69146	0.68963	0.68961
75	512.5	0.70357	0.7008	0.69711	0.69254	0.68942	0.6884
75	517.5	0.70382	0.70096	0.69709	0.69198	0.68816	0.68657
75	522.5	0.70389	0.70095	0.69691	0.69131	0.68682	0.68468
75	527.5	0.70377	0.70079	0.6966	0.69057	0.68545	0.68275
75	532.5	0.70379	0.7008	0.69653	0.69009	0.68429	0.68094
75	537.5	0.70374	0.70078	0.69645	0.68967	0.68322	0.67918
75	542.5	0.70372	0.70082	0.69648	0.68941	0.68234	0.67755
75	547.5	0.70398	0.70122	0.69701	0.6898	0.68208	0.67638
75	552.5	0.70418	0.70161	0.69758	0.69035	0.68206	0.67533
75	557.5	0.70393	0.70142	0.69741	0.69015	0.68173	0.67485
75	562.5	0.70384	0.70147	0.69753	0.69024	0.68138	0.67352
75	567.5	0.7037	0.70145	0.69758	0.69032	0.68118	0.67263
75	572.5	0.7037	0.70165	0.69789	0.69066	0.68104	0.67122
75	577.5	0.70383	0.70204	0.69857	0.69174	0.68209	0.67131
75	582.5	0.704	0.70249	0.69943	0.69331	0.68428	0.67355
75	587.5	0.70413	0.70292	0.70045	0.69505	0.6868	0.67616
75	592.5	0.70417	0.7032	0.70123	0.69663	0.6894	0.67936
75	597.5	0.70418	0.70342	0.70188	0.69811	0.69203	0.68296
75	602.5	0.7041	0.70352	0.70233	0.69941	0.69431	0.68634
75	607.5	0.70381	0.70326	0.70215	0.69941	0.69463	0.68709
75	612.5	0.70347	0.70293	0.70183	0.69913	0.69458	0.6874
75	617.5	0.70314	0.70261	0.70153	0.69887	0.69447	0.68753
75	622.5	0.70283	0.70232	0.70129	0.69875	0.69455	0.68795
75	627.5	0.70253	0.70204	0.70104	0.69861	0.69462	0.68847
75	632.5	0.70222	0.70175	0.70078	0.69844	0.69459	0.68868
75	637.5	0.70192	0.70147	0.70053	0.69825	0.69454	0.68888
75	642.5	0.70164	0.7012	0.70031	0.69813	0.69457	0.68911
75	647.5	0.70136	0.70094	0.70009	0.69798	0.69455	0.68926
75	652.5	0.70109	0.70071	0.69991	0.69793	0.69469	0.68968
75	657.5	0.70084	0.70049	0.69976	0.69796	0.69498	0.69034
75	662.5	0.7006	0.70027	0.6996	0.69794	0.69514	0.69076
75	667.5	0.70032	0.70001	0.69936	0.69774	0.69511	0.69106
75	672.5	0.70006	0.69975	0.69912	0.69755	0.695	0.69112
75	677.5	0.69979	0.6995	0.69889	0.69736	0.69489	0.69116
75	682.5	0.69954	0.69925	0.69867	0.6972	0.6946	0.69039
75	687.5	0.69929	0.69902	0.69847	0.69707	0.69444	0.68995
75	692.5	0.69905	0.6988	0.69828	0.69698	0.69439	0.68975
75	697.5	0.69883	0.6986	0.69813	0.69695	0.69461	0.68994
-99	352.5	0.77993	0.79627	0.81235	0.82665	0.83483	0.83975
-99	357.5	0.77732	0.79517	0.81185	0.82624	0.83437	0.83926
-99	362.5	0.77339	0.79405	0.81156	0.82585	0.83374	0.83848
-99	367.5	0.77654	0.79618	0.81257	0.82592	0.83335	0.83784
-99	372.5	0.77575	0.79636	0.81255	0.82535	0.83242	0.83668
-99	377.5	0.77721	0.79752	0.81302	0.82514	0.83182	0.83584
-99	382.5	0.7813	0.79979	0.81392	0.82505	0.83123	0.83494
-99	387.5	0.78124	0.79997	0.81372	0.82434	0.83017	0.83359
-99	392.5	0.78269	0.80132	0.8145	0.82446	0.82983	0.83291
-99	397.5	0.78116	0.80051	0.81397	0.824	0.82934	0.83237
-99	402.5	0.77711	0.79979	0.81448	0.82484	0.83022	0.83325
-99	407.5	0.77736	0.80096	0.81574	0.82588	0.83109	0.83403
-99	412.5	0.77776	0.80192	0.8167	0.82663	0.8317	0.83458
-99	417.5	0.77983	0.80325	0.81755	0.82713	0.83204	0.83488
-99	422.5	0.78296	0.80479	0.81832	0.82747	0.83222	0.83501
-99	427.5	0.785	0.80574	0.8187	0.82753	0.83216	0.83494
-99	432.5	0.7874	0.80663	0.81889	0.82737	0.83188	0.83465
-99	437.5	0.79156	0.80822	0.81933	0.82726	0.8316	0.83433
-99	442.5	0.79645	0.81018	0.81992	0.82718	0.8313	0.83399
-99	447.5	0.80109	0.8121	0.82044	0.82701	0.8309	0.83354
-99	452.5	0.80518	0.81387	0.82091	0.82679	0.83044	0.83305
-99	457.5	0.80557	0.81376	0.82047	0.82617	0.82978	0.83244
-99	462.5	0.80708	0.81425	0.82031	0.82564	0.82912	0.8318
-99	467.5	0.80784	0.81434	0.81992	0.82498	0.82838	0.8311
-99	472.5	0.8098	0.81513	0.8199	0.82444	0.82766	0.83036
-99	477.5	0.81267	0.81654	0.82021	0.82404	0.82696	0.82961
-99	482.5	0.81498	0.81768	0.82041	0.82356	0.82619	0.82878
-99	487.5	0.8176	0.81912	0.82081	0.82315	0.8254	0.82788
-99	492.5	0.82078	0.82114	0.82166	0.82298	0.82468	0.82697
-99	497.5	0.82486	0.82406	0.82329	0.82326	0.82416	0.82608
-99	502.5	0.82878	0.82713	0.82522	0.82381	0.82374	0.82517
-99	507.5	0.83258	0.8304	0.82759	0.82479	0.82359	0.82432
-99	512.5	0.83664	0.83427	0.83089	0.82675	0.82409	0.82371
-99	517.5	0.83766	0.83524	0.83162	0.82686	0.82342	0.82243
-99	522.5	0.83834	0.83587	0.83206	0.82677	0.8226	0.82103
-99	527.5	0.8389	0.83637	0.83239	0.82661	0.82174	0.81956
-99	532.5	0.83961	0.83707	0.83296	0.82672	0.8211	0.81818
-99	537.5	0.84031	0.83777	0.83357	0.82692	0.82055	0.81685
-99	542.5	0.84104	0.83852	0.83428	0.82729	0.82019	0.81565
-99	547.5	0.84205	0.83965	0.8355	0.82832	0.82051	0.81492
-99	552.5	0.84298	0.84073	0.83675	0.82952	0.82107	0.81431
-99	557.5	0.84334	0.84112	0.83716	0.82988	0.82128	0.81434
-99	562.5	0.84391	0.84177	0.83789	0.83055	0.82144	0.81338
-99	567.5	0.84439	0.84231	0.83852	0.83119	0.82177	0.81291
-99	572.5	0.84502	0.84306	0.83942	0.83211	0.82215	0.81183
-99	577.5	0.84579	0.84403	0.84071	0.8338	0.82382	0.81244
-99	582.5	0.84658	0.84506	0.84216	0.83599	0.82672	0.81549
-99	587.5	0.84734	0.84608	0.84365	0.83833	0.82993	0.8189
-99	592.5	0.84797	0.84694	0.84494	0.84049	0.83318	0.8229
-99	597.5	0.8485	0.84768	0.84609	0.84249	0.83638	0.82723
-99	602.5	0.84892	0.84828	0.84703	0.84416	0.83917	0.83123
-99	607.5	0.84903	0.84844	0.84727	0.84458	0.8399	0.83242
-99	612.5	0.84908	0.8485	0.84735	0.84474	0.84023	0.83314
-99	617.5	0.84913	0.84856	0.84744	0.84489	0.84051	0.83365
-99	622.5	0.8492	0.84865	0.84758	0.84514	0.84096	0.83445
-99	627.5	0.84926	0.84874	0.84771	0.84537	0.8414	0.83535
-99	632.5	0.84932	0.84881	0.84782	0.84555	0.84172	0.83593
-99	637.5	0.84937	0.84888	0.84791	0.84572	0.84202	0.83648
-99	642.5	0.84943	0.84896	0.84804	0.84593	0.84239	0.83705
-99	647.5	0.84948	0.84903	0.84814	0.84612	0.8427	0.83753
-99	652.5	0.84955	0.84913	0.8483	0.84639	0.84317	0.83828
-99	657.5	0.84963	0.84925	0.84849	0.84675	0.84379	0.83926
-99	662.5	0.84969	0.84934	0.84864	0.84702	0.84426	0.83999
-99	667.5	0.84973	0.84938	0.84871	0.84714	0.84453	0.8406
-99	672.5	0.84975	0.84942	0.84876	0.84725	0.84472	0.84095
-99	677.5	0.84978	0.84946	0.84882	0.84735	0.84489	0.84127
-99	682.5	0.84981	0.8495	0.84888	0.84741	0.84488	0.84078
-99	687.5	0.84984	0.84954	0.84895	0.84753	0.84499	0.8406
-99	692.5	0.84988	0.8496	0.84904	0.84769	0.84521	0.84067
-99	697.5	0.84992	0.84967	0.84916	0.84791	0.84558	0.84113
